29
1 40 576 1.000000 0.000000 0.000000 1 0
1 171 509 1.000000 0.000000 0.000000 1 0
1 98 591 1.000000 0.000000 0.000000 1 0
1 97 487 1.000000 0.000000 0.000000 1 0
1 265 110 1.000000 0.000000 0.000000 10 1
1 433 82 1.000000 0.000000 0.000000 10 1
1 312 46 1.000000 0.000000 0.000000 10 1
1 438 155 1.000000 0.000000 0.000000 10 1
2 172 570 0.000000 1.000000 0.000000 1 0
2 173 576 0.000000 1.000000 0.000000 1 0
2 188 448 0.000000 1.000000 0.000000 1 0
2 175 568 0.000000 1.000000 0.000000 1 0
2 219 451 0.000000 1.000000 0.000000 1 0
2 355 545 0.000000 1.000000 0.000000 1 0
2 234 559 0.000000 1.000000 0.000000 1 1
2 260 433 0.000000 1.000000 0.000000 1 1
2 430 543 0.000000 1.000000 0.000000 1 1
3 31 448 1.000000 0.000000 1.000000 1 1
3 35 388 1.000000 0.000000 1.000000 1 1
3 60 450 1.000000 0.000000 1.000000 1 1
3 237 368 1.000000 0.000000 1.000000 1 1
4 58 316 0.000000 0.000000 1.000000 4 1
4 196 225 0.000000 0.000000 1.000000 4 1
5 359 451 0.000000 0.000000 0.000000 1 1
5 555 337 0.000000 0.000000 0.000000 1 1
6 297 279 1.000000 0.000000 1.000000 10 1
6 434 202 1.000000 0.000000 1.000000 10 1
7 103 143 1.000000 0.000000 0.000000 1 1
7 140 65 1.000000 0.000000 0.000000 1 1
