10000
56 18
98 80
61 94
76 90
53 7
12 84
95 28
16 24
60 54
60 50
90 44
24 49
12 41
28 75
64 26
50 80
89 32
44 68
95 78
66 40
88 20
36 96
55 67
99 60
80 37
44 76
37 50
80 20
68 94
25 33
10 70
44 78
20 8
70 43
21 20
30 5
85 30
62 48
48 52
30 8
16 98
92 13
48 50
53 4
65 28
38 46
48 32
5 80
52 17
97 56
82 19
32 24
38 35
48 45
61 72
5 31
7 88
50 56
84 33
88 32
67 40
30 57
40 52
4 87
21 25
32 30
2 75
68 30
70 84
85 36
25 6
25 13
14 56
45 35
34 64
45 50
97 14
48 15
68 5
46 94
32 49
40 97
20 28
10 40
47 78
29 38
72 15
16 2
50 14
44 64
22 54
41 44
86 17
22 5
34 36
72 75
68 55
22 58
90 92
2 90
52 90
88 23
11 45
55 17
6 18
80 12
44 6
60 8
92 44
57 16
10 12
40 4
6 97
52 92
38 52
73 48
10 92
64 70
40 10
64 75
5 40
64 24
96 46
45 80
30 20
15 80
39 95
90 64
92 62
75 70
68 18
48 69
29 68
92 95
50 88
32 70
56 42
52 92
20 75
24 96
92 38
34 56
60 14
76 96
72 4
55 27
74 22
41 28
74 95
53 30
60 54
97 98
50 29
83 60
22 2
84 91
56 20
88 14
27 56
76 60
92 55
2 50
13 77
9 90
61 15
4 68
76 80
16 7
80 40
52 92
72 99
94 14
58 92
24 25
75 28
76 94
74 98
60 48
70 80
6 39
52 78
60 18
32 25
56 32
44 8
70 40
46 35
40 50
30 12
52 20
87 40
84 21
75 48
38 92
30 60
83 84
96 73
82 10
72 72
85 9
72 8
20 45
80 16
87 23
82 35
30 8
53 20
90 24
54 17
13 4
26 28
48 24
21 84
32 72
6 49
91 98
65 24
12 49
71 75
78 69
40 1
12 78
4 76
25 44
62 54
60 25
4 52
76 8
24 4
70 50
68 56
16 43
96 16
92 44
50 96
44 93
80 28
44 49
62 20
2 93
92 92
92 94
1 72
12 26
16 33
33 20
10 75
80 96
15 30
88 64
38 24
64 74
40 52
8 35
86 81
70 23
91 84
85 92
60 40
50 72
79 41
96 99
20 77
54 68
16 84
12 20
61 32
55 43
56 56
65 76
10 72
59 80
98 18
5 16
70 74
30 95
40 46
2 30
74 3
24 18
42 93
60 37
60 81
24 40
38 8
53 83
76 72
36 28
95 2
96 97
7 13
76 36
55 1
94 26
92 40
50 10
21 16
28 38
34 66
60 20
65 98
31 94
60 28
25 1
46 96
95 92
20 84
1 95
36 80
44 11
21 80
76 47
80 8
40 8
64 70
20 72
28 13
35 94
79 30
14 55
73 43
92 7
40 20
80 20
40 45
25 88
72 62
10 96
3 25
25 52
58 20
24 53
48 55
20 59
70 52
72 71
69 72
4 92
16 45
20 99
10 57
20 53
17 60
72 44
54 55
88 60
85 30
74 84
68 28
81 80
43 30
14 36
95 37
20 68
95 60
10 35
72 24
84 60
52 72
90 80
90 93
48 10
60 30
57 40
44 73
60 95
85 25
35 60
89 77
51 68
48 40
88 86
10 10
20 48
58 41
21 84
52 14
67 10
22 64
42 72
24 50
66 84
68 20
8 34
2 10
96 78
68 32
63 67
75 85
2 24
15 56
14 8
70 80
6 31
50 12
4 60
12 20
56 22
48 36
95 58
64 66
32 90
1 47
41 86
82 32
65 76
70 18
22 6
40 43
16 45
64 85
63 42
16 2
88 84
72 5
75 13
56 64
37 50
67 6
54 58
40 80
18 44
77 21
99 40
80 90
85 87
68 90
74 16
19 6
20 83
43 20
18 64
90 98
8 24
16 85
43 11
64 80
48 61
25 32
28 86
90 23
46 23
46 90
16 15
85 34
60 96
18 30
18 4
17 12
11 54
35 24
70 76
70 36
14 92
82 4
64 55
7 21
28 13
3 15
75 72
60 44
98 44
38 92
25 76
63 32
95 20
19 13
40 68
20 90
20 76
4 43
46 36
76 56
67 48
40 36
70 39
20 13
80 10
40 55
96 20
62 34
98 60
82 44
53 20
88 72
96 47
30 10
30 32
50 40
34 72
86 65
60 66
70 98
75 45
68 30
88 82
40 10
65 17
66 98
82 56
20 12
28 50
98 94
4 72
12 48
4 16
90 76
68 24
44 54
92 72
12 35
48 96
58 36
66 66
87 52
6 33
20 84
54 24
24 55
82 43
78 55
85 44
56 46
40 40
50 8
10 14
40 80
94 95
10 45
96 54
71 91
48 86
10 16
22 30
5 11
40 75
32 75
16 60
25 72
80 78
96 40
87 52
17 40
70 32
50 23
56 18
92 80
44 86
51 70
54 46
64 50
88 80
68 88
46 40
45 16
19 48
32 32
80 45
15 14
70 11
16 96
6 72
80 2
22 88
4 86
9 4
35 56
16 94
96 92
77 74
40 80
48 76
31 86
16 16
82 84
18 7
72 25
22 46
16 56
88 64
58 78
96 72
24 6
50 56
24 32
20 38
61 58
44 71
63 5
24 80
68 72
86 44
5 64
84 35
84 4
52 28
50 32
58 35
40 40
80 9
6 12
74 28
85 45
50 20
32 89
80 45
16 92
79 50
28 2
75 98
98 20
95 40
91 29
65 78
30 81
92 36
64 65
48 40
42 76
78 24
6 20
98 8
92 68
76 92
76 97
49 40
44 12
92 66
40 72
30 66
33 85
45 20
8 64
30 90
60 80
96 28
56 80
95 12
50 62
40 70
60 60
70 70
50 80
44 25
70 59
60 4
96 20
78 72
95 58
14 42
20 80
77 94
32 26
75 20
98 29
62 64
40 70
21 92
89 80
8 44
53 80
25 14
55 68
44 23
55 64
72 64
80 44
28 96
26 31
24 48
88 52
34 62
5 38
74 88
60 74
60 51
72 4
66 44
8 84
11 45
96 50
60 70
72 17
6 99
92 20
68 20
13 63
96 67
68 28
88 60
45 86
88 32
55 97
73 63
35 25
35 44
62 59
62 20
16 10
92 65
40 50
36 56
12 19
88 8
66 95
32 92
28 44
78 12
20 56
4 66
54 5
32 90
24 24
4 96
27 49
58 28
80 24
5 90
66 12
36 70
3 32
50 8
55 52
84 80
80 60
12 18
96 65
67 40
2 10
10 20
65 90
78 81
2 96
66 86
12 5
40 12
28 53
89 15
83 19
50 49
3 20
27 50
19 75
96 50
11 32
72 60
6 20
80 40
38 65
72 51
80 50
84 75
80 64
48 81
50 34
40 96
61 16
51 4
55 34
35 4
75 32
64 53
10 30
98 66
21 30
66 14
25 44
94 90
10 90
40 72
89 38
95 12
34 98
66 61
68 8
39 20
60 84
51 48
20 75
18 2
95 25
72 52
80 80
48 16
40 2
32 36
53 44
32 28
31 3
30 44
64 60
56 68
50 26
40 24
15 8
12 80
60 44
30 70
2 10
26 50
8 96
80 13
20 42
92 21
21 94
10 60
36 70
92 82
60 4
25 76
5 67
8 88
90 50
40 86
50 59
60 60
94 28
91 3
96 25
16 76
16 44
80 76
92 12
12 32
12 17
20 76
44 60
20 32
12 48
65 65
72 40
82 6
92 59
80 10
80 20
76 73
84 30
82 46
44 92
14 20
65 80
43 97
48 17
86 88
77 96
71 90
57 92
32 18
58 62
21 84
88 46
44 63
6 30
96 46
42 20
84 46
96 34
36 92
18 49
96 74
64 37
88 44
22 97
4 40
80 82
6 15
71 40
16 42
29 21
96 36
94 68
45 32
3 12
50 11
51 82
44 14
20 40
48 10
20 40
21 47
32 31
72 60
20 50
59 9
4 12
36 60
28 30
71 52
18 16
36 43
30 16
24 46
80 60
71 37
35 78
78 75
34 16
56 20
50 22
48 73
20 13
34 60
80 32
42 55
45 75
80 7
24 28
59 55
65 80
30 80
20 30
62 11
50 50
18 85
36 28
70 28
12 88
96 83
10 54
68 50
80 44
83 95
3 48
54 10
36 50
40 22
55 22
26 63
79 80
84 24
90 48
20 42
96 33
64 35
68 94
87 64
28 60
30 80
71 98
88 90
18 15
74 30
9 88
93 51
86 56
30 16
12 78
90 84
38 89
30 56
56 48
28 84
45 2
25 84
82 67
60 40
56 62
76 14
84 64
92 52
4 36
12 76
42 68
76 89
5 55
6 75
60 25
62 8
23 72
27 20
64 82
50 59
94 24
44 16
26 72
77 50
12 60
66 88
36 28
48 6
10 20
48 96
84 75
68 65
54 87
25 80
90 20
84 30
36 20
96 20
64 92
72 74
34 95
11 60
90 4
50 29
48 80
6 96
70 70
16 86
97 14
79 40
70 72
65 60
49 28
94 55
26 23
34 66
72 6
8 36
18 34
62 75
32 12
17 29
89 36
32 20
10 92
15 76
88 42
40 86
68 40
77 75
39 80
36 86
46 64
68 75
27 49
10 25
52 98
38 80
20 17
16 76
2 78
27 59
53 96
32 15
70 88
56 66
20 32
92 58
60 72
20 84
48 92
52 65
58 52
46 46
66 20
10 69
78 56
50 70
20 63
36 94
60 74
88 64
12 41
46 41
40 20
40 80
10 50
20 80
39 28
35 40
24 76
40 64
96 30
54 81
80 66
32 41
75 28
94 54
4 65
4 24
63 51
90 28
92 12
56 30
50 84
34 8
16 83
58 36
86 20
36 56
34 83
99 76
58 90
44 62
10 22
76 20
16 36
65 73
8 83
49 28
83 58
25 78
30 54
12 31
92 45
24 12
5 80
84 40
79 80
31 92
30 58
88 42
14 45
79 92
98 42
2 29
52 71
32 93
10 64
35 35
64 40
84 14
95 21
67 60
24 14
40 28
82 4
84 20
70 44
52 12
12 10
80 52
96 48
2 81
40 10
42 84
82 36
47 56
62 80
96 22
96 24
60 74
68 38
62 92
13 71
83 42
40 46
87 88
66 25
49 18
50 95
54 82
12 17
8 75
18 91
66 22
20 12
24 90
40 15
16 86
10 96
88 98
82 12
68 4
35 40
26 4
60 15
96 95
84 92
30 70
19 60
56 54
40 47
98 10
53 75
55 52
64 60
40 50
40 64
81 92
93 40
48 65
45 2
96 95
92 44
59 75
69 35
56 56
25 1
82 76
2 84
2 90
12 80
40 85
68 25
48 12
96 21
1 98
88 35
33 64
40 10
96 25
84 1
55 50
6 29
48 60
67 75
60 91
14 93
92 68
16 88
40 91
47 75
60 6
76 55
28 55
55 20
5 18
26 10
62 40
7 39
67 36
90 38
12 46
4 60
20 4
54 95
25 25
46 96
74 4
75 28
24 82
48 7
77 88
4 84
4 68
61 76
57 42
20 60
46 88
60 22
50 46
85 70
79 47
8 16
73 74
11 62
10 10
1 53
20 8
22 74
85 10
91 60
56 18
67 10
65 40
56 6
20 80
20 25
37 85
47 24
34 45
78 50
4 99
62 92
45 80
64 64
32 12
10 4
51 50
60 4
40 70
93 60
50 30
43 1
16 53
67 91
14 90
96 1
13 64
16 14
92 54
95 30
24 20
20 4
8 23
32 44
80 70
15 48
60 33
85 70
96 72
13 84
88 93
5 96
15 19
18 33
92 84
91 16
88 40
70 52
95 31
40 37
48 15
2 72
48 22
12 20
76 70
16 40
92 60
96 80
7 32
11 4
10 60
9 7
12 36
87 16
90 90
23 26
23 51
14 34
74 60
76 64
22 96
5 94
52 40
54 22
35 40
70 20
40 80
60 16
75 48
31 12
55 93
13 68
28 59
70 64
26 40
97 35
12 72
80 8
12 38
22 28
90 96
65 89
28 44
96 68
60 22
76 47
87 20
30 30
80 35
66 74
9 66
50 18
68 14
20 18
34 72
28 63
50 96
95 30
80 16
56 64
17 80
64 36
46 52
20 50
68 94
37 25
4 6
14 95
14 56
28 46
17 20
36 21
20 96
26 40
50 90
34 30
70 70
80 96
25 15
36 52
15 38
84 17
52 72
64 93
72 42
96 50
10 80
80 34
70 18
40 7
8 85
23 40
73 84
41 70
8 92
36 20
50 85
87 88
29 25
40 22
36 70
36 4
17 36
5 90
60 88
78 8
88 83
10 69
24 50
56 65
34 60
24 32
12 39
68 12
76 67
28 66
58 98
80 99
40 8
83 71
84 39
13 94
56 33
52 15
24 87
58 80
94 79
4 54
7 98
64 84
80 14
19 14
84 12
36 50
56 32
42 64
50 65
95 38
6 94
82 27
4 28
68 48
32 37
88 16
43 82
39 14
81 94
40 78
34 74
71 20
70 38
84 60
65 20
72 12
7 54
60 91
21 47
54 65
64 70
21 72
80 64
47 44
32 52
80 24
86 50
66 75
93 58
63 73
56 72
13 74
93 38
20 24
77 14
50 70
58 30
60 65
34 26
51 70
96 10
74 58
82 55
44 68
30 66
52 24
74 96
32 69
94 60
10 68
64 40
85 62
46 67
92 26
67 80
35 94
45 87
44 44
96 98
92 97
44 68
4 82
12 34
63 26
80 50
90 98
52 24
74 30
52 91
60 69
7 66
50 90
36 10
29 44
69 20
65 14
68 86
68 56
60 40
85 6
3 82
78 82
75 32
18 92
63 56
84 79
41 88
91 70
64 40
40 24
80 56
36 40
24 54
31 37
60 16
72 66
50 75
69 8
72 6
25 13
96 76
66 59
96 2
64 40
55 47
52 94
57 80
72 83
88 96
20 40
8 36
53 29
20 5
60 60
36 54
64 89
85 72
75 60
50 12
72 5
76 60
66 63
37 28
8 52
86 76
52 35
56 56
28 10
60 28
40 74
40 36
48 3
41 94
21 8
58 8
32 25
4 20
28 10
35 76
20 59
70 5
16 2
25 56
44 88
98 75
40 23
80 36
17 56
90 57
7 95
40 44
40 89
30 20
50 23
48 46
20 74
89 38
5 99
1 64
92 20
58 89
58 30
90 50
12 92
82 35
50 20
76 64
63 10
36 97
66 8
15 4
50 20
24 2
48 54
10 13
40 88
15 88
10 4
53 38
69 40
38 56
51 65
53 13
9 50
30 53
28 67
5 20
21 34
78 56
2 24
86 40
50 82
42 40
50 76
52 55
32 14
36 64
10 43
96 6
25 66
80 90
92 50
55 13
20 29
96 95
35 28
26 82
25 72
2 10
85 48
61 67
65 83
75 87
88 75
40 60
90 52
54 60
37 44
33 28
92 84
62 50
39 72
84 31
56 34
95 6
4 54
99 64
8 20
16 20
62 85
27 28
7 16
40 55
93 20
99 88
30 8
74 9
57 85
26 52
70 82
35 53
32 16
99 86
20 30
15 69
42 56
15 36
57 72
25 80
60 58
53 16
55 40
90 44
44 31
21 45
33 52
92 60
65 16
68 66
36 8
74 64
60 16
66 58
65 32
22 28
75 99
30 40
84 74
76 57
80 72
96 20
46 52
84 50
58 96
56 2
8 97
89 34
44 36
40 92
51 66
91 26
41 91
73 64
36 26
56 28
74 44
56 76
24 16
60 56
5 66
88 80
4 4
90 71
92 79
30 60
42 12
96 66
21 44
14 52
75 32
24 30
88 41
30 20
85 90
57 75
20 20
77 50
20 3
60 68
80 70
89 28
34 30
70 10
80 92
92 70
88 16
22 24
96 46
32 75
17 18
32 75
44 53
45 50
6 64
88 12
92 60
13 4
14 20
76 30
36 4
72 63
16 80
24 40
92 91
80 28
72 78
97 4
60 88
36 70
4 79
36 52
98 5
10 56
27 52
40 87
95 64
96 85
10 92
85 84
34 68
78 50
7 32
2 82
82 45
88 48
40 3
20 62
52 73
2 12
58 16
70 76
42 40
69 84
54 12
4 40
48 9
80 51
54 48
39 40
78 36
64 50
68 86
5 56
20 48
64 60
50 95
77 76
44 55
20 67
2 60
30 58
32 64
9 88
50 72
10 20
72 24
27 56
50 58
44 28
80 44
40 16
30 2
32 18
83 20
20 10
79 56
32 16
94 12
5 76
39 64
28 76
88 72
50 96
78 73
70 93
94 50
3 86
50 58
35 28
86 69
51 76
92 9
89 76
24 80
13 30
50 48
59 44
69 90
24 37
90 92
52 40
98 65
50 66
45 26
12 28
60 8
40 92
84 52
6 32
33 50
6 5
82 44
35 66
75 90
29 92
43 92
18 47
2 13
84 14
49 23
20 64
44 42
64 32
94 80
85 38
20 72
23 92
85 43
29 6
60 47
19 22
52 94
92 92
52 16
80 65
48 50
40 40
96 41
40 9
67 36
32 96
90 62
76 80
50 55
20 64
92 92
2 15
72 92
36 85
88 82
41 40
92 45
72 38
97 71
50 9
72 20
84 20
48 56
42 74
84 40
92 21
84 96
12 35
55 72
80 8
2 94
88 95
13 35
56 67
97 20
40 60
16 34
68 76
44 42
22 68
92 77
30 50
69 48
20 16
48 96
96 92
64 44
32 44
72 80
90 56
18 54
84 18
68 70
34 90
78 10
20 30
12 98
44 21
42 52
92 28
5 28
26 40
76 3
17 55
65 63
10 96
20 10
66 84
12 32
36 50
92 50
75 12
41 27
19 79
19 20
20 58
34 30
24 56
33 6
8 10
28 28
95 41
38 20
80 66
10 93
4 12
82 20
8 47
71 53
40 93
28 74
72 48
12 70
30 84
82 4
60 21
65 10
50 48
88 63
93 50
80 26
2 21
72 24
11 15
50 32
4 6
2 70
42 69
90 80
42 94
98 53
80 45
92 30
58 76
98 55
30 28
36 72
1 88
28 28
8 5
42 76
68 60
69 67
24 90
36 79
18 1
73 3
56 16
75 28
33 55
40 14
66 50
58 12
18 64
24 80
14 48
38 18
43 64
86 28
64 32
84 96
91 35
8 16
46 38
65 72
12 62
80 38
98 80
92 84
68 71
53 23
52 55
60 41
55 50
18 4
86 34
41 51
80 86
44 90
80 8
8 94
88 23
8 20
25 80
68 16
67 65
52 79
84 98
4 67
48 2
56 49
8 32
58 40
78 3
94 12
26 80
54 32
85 16
88 40
40 60
52 52
15 5
16 44
38 57
44 48
95 19
72 94
95 43
87 96
77 99
23 60
92 76
55 26
31 15
90 77
60 57
52 90
28 34
98 60
20 45
57 67
80 99
83 40
44 14
62 10
50 16
48 86
11 72
92 10
25 50
64 30
73 56
52 12
29 10
80 84
11 80
92 80
96 58
68 56
96 30
90 90
84 65
18 88
33 41
41 70
61 88
64 76
55 36
34 11
15 44
18 44
92 54
10 28
34 10
12 40
39 12
28 78
42 39
5 86
13 14
88 75
36 74
50 92
88 80
44 9
4 66
95 66
1 66
72 54
64 38
76 80
76 79
52 70
16 69
76 60
64 65
6 85
25 81
80 57
35 85
46 11
55 50
82 60
4 60
24 75
68 88
70 56
16 45
11 9
6 20
68 5
72 21
82 12
46 50
80 29
25 55
90 34
42 80
64 14
80 3
25 8
96 72
60 41
72 36
52 80
58 80
8 26
62 28
80 80
5 60
35 70
67 80
56 22
40 60
74 24
48 54
20 70
68 48
96 28
14 53
82 80
89 80
83 30
44 8
50 52
30 92
67 80
75 22
21 8
37 99
72 25
88 4
50 64
21 60
9 85
8 25
10 44
2 98
92 10
36 96
40 48
77 88
12 22
50 99
81 92
52 39
32 6
78 78
54 25
96 38
56 73
25 9
91 50
60 28
62 44
89 64
48 48
60 96
92 90
43 85
20 40
35 4
20 64
68 32
34 23
62 64
80 84
16 29
12 30
95 58
85 28
60 51
75 12
64 50
24 48
14 92
45 74
64 26
82 90
84 40
40 98
62 20
25 92
55 80
33 75
40 80
30 77
36 50
76 65
70 6
78 60
99 84
30 1
48 16
8 50
60 4
99 70
83 94
61 52
30 2
70 54
51 90
33 64
84 72
40 76
70 48
80 61
60 88
96 92
48 35
56 60
87 2
19 66
48 11
40 32
79 6
30 28
52 53
1 86
78 76
80 46
40 64
76 55
4 92
86 68
94 42
40 55
50 82
40 77
22 44
80 41
25 56
36 92
8 96
95 34
89 92
76 20
96 12
38 44
96 44
35 11
52 66
86 69
90 18
60 74
88 98
25 60
85 55
8 9
30 4
78 25
42 26
36 36
64 20
96 1
44 28
4 67
5 44
82 16
62 64
98 43
80 20
66 6
88 80
44 73
12 56
35 70
51 4
70 40
8 4
30 40
22 7
69 40
60 56
85 28
94 82
77 50
80 46
92 88
88 61
85 86
5 84
64 99
49 60
7 8
82 37
17 25
38 34
60 18
72 84
96 42
72 64
4 8
16 68
42 90
56 80
51 5
36 45
56 94
6 80
16 14
50 50
52 81
66 44
36 44
97 60
41 42
95 54
24 8
16 40
95 79
26 69
10 60
35 46
40 60
60 38
68 20
85 55
96 50
64 90
8 60
28 70
5 53
35 68
82 40
2 50
76 27
76 40
92 68
36 80
60 48
50 34
30 28
48 20
25 19
88 25
32 2
37 90
24 60
96 52
4 4
46 32
36 70
72 80
35 4
34 66
24 11
80 5
16 57
24 76
50 56
16 85
66 50
95 24
45 6
50 40
37 9
16 33
45 58
4 70
16 98
92 56
72 40
64 71
54 28
30 28
22 45
75 14
60 88
48 68
94 56
40 60
86 30
28 14
32 56
13 66
77 51
37 4
20 60
12 40
76 49
66 60
88 55
44 70
28 75
40 60
88 42
66 50
56 77
62 7
44 15
56 28
66 58
80 70
30 48
16 40
25 28
18 50
25 72
44 30
60 61
55 52
32 48
2 60
50 20
32 30
80 84
99 2
66 74
34 76
49 52
35 81
60 30
36 87
16 74
9 14
22 80
36 43
96 94
79 50
40 3
6 72
19 74
60 40
74 8
36 92
5 48
71 42
50 26
40 56
75 94
44 2
48 61
30 26
60 30
92 12
80 40
47 58
56 81
80 76
30 15
86 32
40 50
40 68
55 90
23 87
21 75
68 60
80 33
84 88
4 16
10 16
92 95
30 11
60 60
30 56
84 10
9 50
22 36
40 14
64 25
95 28
63 18
48 58
4 40
50 40
76 20
32 61
68 45
5 28
47 84
4 10
28 29
14 94
60 64
43 41
20 11
25 80
16 72
44 40
8 20
82 84
99 60
86 69
92 36
34 27
32 93
37 36
56 4
10 44
8 96
40 67
4 70
20 26
4 46
70 99
40 14
30 45
44 74
31 83
36 98
48 20
96 95
20 10
40 30
38 32
92 40
28 29
58 60
55 60
64 98
59 39
53 23
40 39
71 30
98 48
94 32
30 64
33 94
66 47
10 14
90 96
17 99
18 13
50 80
78 28
86 41
33 36
88 60
56 96
4 71
11 78
28 42
62 44
76 50
48 4
46 18
19 84
76 52
60 20
59 40
57 8
79 90
62 60
12 71
53 17
40 82
96 44
12 76
10 80
84 82
11 72
70 5
14 30
30 10
72 10
60 36
70 40
58 3
57 90
30 80
80 35
41 80
48 90
54 30
6 32
64 3
85 85
86 46
4 40
90 25
96 94
78 8
93 32
40 56
24 95
65 17
64 38
94 96
74 92
60 32
56 66
26 45
42 77
72 20
34 15
24 60
25 26
20 56
46 88
12 79
36 38
28 3
70 80
26 77
16 74
52 91
27 53
7 4
4 80
40 84
24 15
16 76
80 62
40 68
64 78
64 92
12 25
87 20
96 6
20 22
84 1
40 24
73 86
50 99
64 42
84 34
22 88
60 30
2 52
69 30
2 28
4 71
25 62
76 34
66 86
70 68
60 28
44 63
60 32
45 60
50 22
86 88
52 88
14 36
48 6
4 92
78 36
10 45
84 8
30 92
10 70
30 20
69 37
80 52
89 93
50 20
6 32
60 22
23 1
45 62
89 87
32 3
73 80
76 24
80 30
22 8
22 68
74 68
74 84
60 88
87 52
20 72
20 94
48 39
48 89
16 35
50 25
62 55
25 55
52 33
75 58
80 48
36 64
63 33
94 53
42 28
39 62
10 45
84 54
38 27
62 28
95 84
75 36
17 45
10 15
82 3
82 87
4 27
40 56
10 15
54 3
80 70
36 50
40 48
24 28
92 73
88 47
96 16
20 10
36 32
88 60
48 50
76 57
62 36
60 4
5 60
69 66
92 36
60 13
92 88
16 60
60 98
8 71
60 42
50 65
4 4
60 97
30 91
82 25
48 60
75 73
96 2
45 3
55 76
20 86
66 96
38 50
38 16
36 80
10 28
16 85
66 16
99 50
60 16
14 42
52 93
14 24
15 3
27 46
55 58
53 46
63 76
98 72
44 20
48 20
38 2
20 32
62 4
20 14
68 80
42 20
32 72
36 85
6 98
2 12
6 72
14 48
14 96
24 10
90 34
40 82
17 13
16 50
50 94
44 79
75 38
72 66
76 50
68 92
64 26
14 85
86 44
60 20
92 20
40 77
94 32
32 93
24 30
98 44
41 75
85 51
30 38
36 36
69 8
47 8
58 37
50 15
55 92
5 32
76 71
19 90
64 12
57 79
4 68
81 20
10 8
96 28
40 38
20 90
33 20
6 20
36 75
87 44
62 40
88 70
29 68
15 27
10 60
98 62
47 20
77 28
35 58
32 84
56 12
78 4
11 32
48 80
54 95
68 7
20 38
34 35
37 10
10 16
80 60
40 20
70 24
53 82
43 26
2 6
51 44
20 75
24 25
69 8
44 78
73 28
85 44
92 36
16 52
11 56
92 70
8 4
80 40
4 72
38 34
60 78
80 96
85 77
34 34
12 4
43 32
53 52
32 35
24 95
92 10
60 57
10 86
45 4
50 76
62 68
88 33
86 26
36 96
40 80
65 52
50 6
45 80
27 89
60 13
25 28
40 78
62 65
96 54
34 70
78 30
36 2
32 89
20 95
38 38
5 37
30 55
4 94
4 30
27 11
24 80
12 44
25 60
35 46
90 76
36 63
8 68
82 20
50 50
88 35
40 37
8 68
20 20
66 63
50 16
38 72
16 88
25 8
92 22
40 68
84 45
35 72
84 82
14 65
74 29
16 18
16 31
47 57
40 44
83 94
20 18
25 80
16 80
12 10
51 28
63 80
48 12
6 44
52 76
50 86
35 80
56 5
2 66
86 52
48 75
55 64
15 51
46 86
76 29
40 60
4 76
96 21
98 79
72 89
32 92
82 50
80 2
72 4
35 25
31 12
40 53
84 60
8 74
75 42
2 4
1 95
45 12
41 6
94 52
18 83
85 79
58 39
10 98
38 20
20 1
7 74
72 30
69 80
10 58
28 10
19 7
76 80
49 81
72 8
96 25
9 12
16 9
8 24
45 9
18 26
92 74
96 85
60 38
81 25
36 60
4 40
24 50
94 63
89 60
42 95
20 60
98 94
6 12
87 72
26 8
92 26
81 16
82 20
47 15
92 52
36 52
63 24
55 68
20 3
20 38
32 50
20 85
76 56
47 80
8 24
40 20
30 40
43 40
70 27
40 23
16 72
20 38
70 90
88 62
70 3
25 13
12 85
52 92
91 80
28 64
50 48
76 91
23 25
62 89
30 88
52 88
12 87
56 89
60 55
48 75
52 92
9 30
66 45
70 78
94 9
28 60
8 88
90 20
60 40
24 60
96 11
57 88
92 79
76 40
24 80
76 44
12 90
67 48
25 20
20 60
82 30
31 20
23 98
84 88
44 9
70 56
14 45
95 14
20 42
36 38
50 48
80 4
80 78
38 85
16 26
98 98
69 56
30 36
14 29
80 55
21 8
26 72
57 84
4 88
30 82
50 75
50 28
55 56
36 70
34 60
20 14
65 2
64 14
42 80
2 60
72 35
32 60
52 42
3 64
60 74
75 58
64 54
32 12
33 70
96 44
94 35
79 45
28 30
69 6
29 36
30 60
8 88
54 50
60 71
40 48
29 47
48 19
25 96
8 88
36 40
72 96
48 32
65 35
75 5
20 30
60 20
44 64
92 36
68 16
42 52
24 10
24 48
48 60
20 41
17 96
14 36
69 76
36 57
8 18
80 90
5 6
62 4
20 15
12 51
86 60
5 92
39 36
92 28
2 68
48 96
25 22
50 20
82 39
68 25
89 52
70 18
17 7
50 4
68 8
20 70
46 46
39 10
72 20
96 90
10 40
93 56
60 70
92 39
25 28
38 78
31 31
40 82
48 64
44 30
85 50
27 25
8 44
75 64
45 55
90 4
43 4
8 86
68 45
80 53
92 94
65 40
64 85
42 45
2 48
2 36
90 5
92 28
5 82
58 84
72 70
95 45
88 12
14 63
76 72
59 43
56 71
88 6
40 40
45 84
50 2
66 48
76 75
10 31
34 12
12 14
20 92
76 64
24 97
35 87
88 42
45 60
76 65
98 43
4 25
86 57
95 90
62 50
78 72
43 50
68 2
40 18
40 84
90 36
6 60
90 56
40 37
42 40
44 72
16 64
92 34
86 98
68 8
80 18
12 93
54 44
82 96
76 22
66 44
58 90
40 15
62 10
75 5
95 44
84 23
97 60
45 60
57 35
40 4
77 92
10 93
41 84
72 25
64 50
59 63
58 45
50 59
40 94
15 4
62 20
53 73
35 52
88 20
11 80
38 4
64 20
5 4
34 53
13 95
93 12
42 64
24 24
9 5
84 70
86 50
12 40
40 22
46 56
44 56
50 84
60 86
68 72
60 24
40 88
62 69
72 92
25 80
84 58
21 52
38 32
40 40
60 29
31 48
20 2
83 18
62 23
22 60
88 70
96 64
20 45
22 2
12 29
66 3
50 50
5 54
73 60
58 61
60 64
64 20
52 44
52 16
13 5
72 70
95 20
92 84
29 60
31 70
61 54
31 24
51 8
24 12
12 46
40 15
9 80
84 36
32 14
47 72
40 12
72 24
36 43
51 75
30 40
43 37
50 36
42 4
71 10
75 82
70 86
48 54
95 37
48 77
46 64
92 76
8 92
16 90
75 72
52 56
36 54
44 20
18 40
60 16
18 79
98 80
84 96
67 58
23 77
81 23
4 34
40 56
41 28
2 44
78 80
80 34
88 32
72 50
46 37
85 58
25 60
4 75
50 76
84 94
22 50
32 29
56 69
20 44
54 44
20 92
62 22
4 60
70 7
33 17
35 22
89 55
2 30
56 46
80 30
28 8
32 96
66 75
90 87
24 44
12 72
90 80
49 88
90 53
98 48
20 34
60 75
92 76
8 85
96 29
76 50
12 84
20 42
80 37
64 4
60 98
25 80
44 14
90 94
87 99
96 88
32 12
60 44
95 8
40 46
78 20
35 92
96 5
54 22
40 30
88 53
36 40
50 64
20 44
66 50
22 25
53 61
4 81
76 35
70 84
10 65
20 55
24 48
60 16
51 26
76 37
21 80
41 61
68 44
28 40
91 74
20 46
41 36
85 40
14 98
12 57
96 93
26 42
74 94
24 60
76 30
15 80
90 72
38 20
28 34
24 10
3 49
20 52
98 74
20 56
74 18
12 40
36 78
74 85
14 51
65 76
40 35
80 20
98 88
90 24
10 80
60 40
77 8
8 24
7 19
15 48
51 30
50 52
92 92
40 64
80 55
12 72
78 46
80 36
44 24
16 5
24 28
24 26
20 72
67 74
35 20
33 24
52 72
74 56
50 94
61 89
31 28
52 64
35 68
48 55
68 95
52 72
40 59
50 62
8 63
98 60
26 26
88 21
36 71
39 84
28 4
65 98
12 80
10 90
15 24
84 36
57 3
86 25
71 84
92 24
67 45
84 4
94 8
72 32
20 86
43 87
20 73
3 66
14 7
40 29
60 30
52 80
24 68
22 80
26 25
65 80
8 20
92 80
21 75
14 24
60 10
50 54
59 72
92 48
28 98
70 80
46 96
70 50
25 15
80 36
8 44
64 17
25 88
90 8
48 52
83 69
52 44
60 57
74 8
39 64
86 56
95 76
14 56
70 8
15 40
44 65
44 90
38 60
95 94
50 12
76 92
18 50
59 44
73 24
30 55
28 40
34 35
38 24
50 68
1 40
80 25
93 66
51 32
56 90
30 44
20 56
76 67
55 34
75 46
91 92
13 34
94 60
20 14
80 68
16 16
14 4
4 34
96 92
98 17
58 80
48 80
8 50
50 40
15 27
1 80
72 44
50 86
99 50
16 53
12 36
31 12
52 53
6 80
76 42
57 66
35 28
70 70
16 91
85 20
44 88
80 59
75 92
89 69
85 60
45 50
12 42
46 60
51 40
35 28
84 52
65 40
48 92
50 44
49 39
5 56
85 32
68 34
34 92
28 80
52 13
10 24
31 95
52 44
87 10
94 25
63 62
20 92
51 64
20 66
12 34
4 84
40 40
80 75
6 20
46 44
76 44
5 74
5 55
24 42
32 29
18 44
79 60
71 1
14 12
56 28
40 5
52 7
21 60
66 85
96 33
79 48
5 84
69 82
96 88
88 66
11 92
58 70
64 84
50 32
43 79
72 57
21 65
72 92
36 34
47 65
40 1
22 92
41 34
60 76
59 64
2 40
60 12
1 18
8 25
60 85
90 20
40 90
72 64
45 72
16 44
90 5
52 19
79 44
91 78
72 70
72 20
76 20
12 39
40 75
75 90
75 90
30 52
75 22
86 90
5 48
80 50
61 94
20 20
25 56
92 70
11 60
35 96
42 6
91 40
64 96
72 8
28 88
15 95
32 36
94 33
94 20
2 82
48 59
95 49
5 59
53 76
16 50
22 60
10 36
4 62
90 94
36 98
84 76
32 14
48 92
40 96
78 6
40 88
59 16
80 80
4 10
12 96
5 44
54 28
60 80
46 53
6 94
72 66
91 20
12 59
28 52
85 86
36 91
39 55
48 40
23 93
50 90
38 70
34 4
56 30
56 48
40 12
61 28
68 32
60 30
84 22
16 2
80 24
70 48
34 44
35 72
54 38
4 24
26 80
10 64
80 56
70 84
24 24
33 68
80 71
11 59
83 37
80 20
99 90
56 2
60 36
60 85
40 56
47 96
58 94
41 30
61 31
55 92
22 64
44 92
13 52
19 36
6 45
70 60
20 24
7 72
60 43
72 75
61 90
14 24
77 90
85 74
40 29
76 76
60 70
17 40
96 3
50 78
15 36
24 24
36 6
25 88
58 70
82 50
84 37
95 30
10 30
56 18
16 80
60 54
45 48
96 16
96 28
71 68
32 60
76 12
30 32
68 76
68 47
50 50
92 80
77 68
42 32
53 79
85 36
27 68
4 60
45 60
45 95
12 72
60 94
24 40
36 87
10 56
86 20
21 40
73 64
23 22
10 58
4 41
95 60
72 85
68 52
83 86
4 96
99 35
40 2
42 40
20 8
20 48
70 2
57 72
47 7
88 25
14 20
95 53
98 15
6 44
92 4
3 64
68 65
76 59
3 60
99 88
76 16
30 13
35 80
99 68
4 50
25 60
80 39
2 32
60 16
22 44
50 91
44 68
56 40
18 68
80 63
26 32
3 64
60 40
20 76
88 90
4 26
38 99
32 76
78 8
44 71
50 6
80 45
15 72
25 48
50 50
92 72
51 84
50 12
40 35
24 28
15 30
36 20
84 52
14 60
44 44
88 98
70 80
37 91
75 62
68 55
73 94
52 56
48 94
92 37
16 16
40 6
32 20
8 12
16 94
92 50
98 5
80 22
47 48
86 32
8 32
36 32
92 20
60 30
71 24
89 28
39 81
36 20
87 91
30 57
16 80
36 20
89 88
18 12
77 17
14 76
50 20
72 78
98 89
28 8
62 10
72 70
20 75
80 35
73 20
94 98
24 76
43 90
78 46
94 75
70 77
40 88
94 19
37 28
38 38
26 20
98 98
30 7
41 31
29 8
25 88
40 25
95 40
5 60
22 98
55 98
25 90
45 66
31 33
42 8
50 9
48 19
33 68
26 44
20 76
60 71
84 28
75 48
50 32
36 20
10 94
52 35
34 40
8 40
48 50
14 20
51 44
32 87
97 40
4 91
25 72
94 30
34 58
68 33
76 40
98 72
44 19
90 44
60 86
47 60
87 81
20 76
34 56
84 96
74 27
20 72
71 43
16 83
70 47
40 78
96 64
91 40
52 14
70 70
75 56
24 28
95 75
2 68
92 75
9 74
96 86
74 2
50 48
2 37
70 8
62 35
81 11
4 60
64 45
6 69
88 96
92 50
88 58
87 60
68 85
16 88
81 76
33 75
52 73
90 7
12 49
20 90
60 76
60 70
94 66
4 18
64 38
50 15
45 76
94 50
60 10
25 60
35 12
69 80
49 30
81 4
26 45
28 84
80 51
60 77
44 96
63 35
48 56
84 91
56 28
57 40
64 41
22 28
30 10
50 73
28 34
32 32
44 78
75 64
32 18
80 96
22 42
59 78
53 27
70 23
32 50
19 8
8 14
54 90
15 35
85 68
46 32
97 76
1 17
11 16
55 23
20 96
18 80
86 66
69 86
27 66
55 41
70 6
56 88
48 20
27 20
18 45
80 25
92 54
72 32
60 42
97 28
20 74
32 22
90 70
38 78
96 4
60 40
28 57
70 78
24 60
35 18
75 56
8 4
7 71
24 98
44 59
32 12
50 92
44 60
81 37
75 70
32 76
85 32
60 4
55 64
36 98
98 72
20 20
73 92
52 52
24 77
54 68
40 50
96 20
73 42
60 92
58 32
28 92
20 52
12 56
6 41
80 65
99 62
32 20
68 92
46 75
3 10
6 75
20 70
26 78
15 60
20 56
84 26
9 82
52 59
60 60
40 41
48 30
25 50
9 64
40 12
32 78
90 22
49 28
39 88
20 99
55 17
36 42
31 41
80 92
14 40
23 87
77 75
78 94
84 5
74 90
98 1
72 8
61 34
35 84
45 40
54 6
98 59
36 54
35 20
65 40
90 66
92 72
32 88
34 80
19 96
36 50
20 79
83 79
50 30
90 20
38 24
23 54
23 90
35 80
91 20
75 61
72 60
86 30
80 16
56 69
92 8
3 67
44 45
15 64
80 60
32 52
4 80
80 90
17 56
40 20
52 3
30 28
91 80
85 88
27 20
95 88
91 50
45 90
96 40
12 22
35 66
20 64
50 73
16 65
66 28
76 52
40 43
43 8
90 61
87 76
32 95
46 88
96 20
40 14
9 85
16 50
7 40
32 52
36 16
56 88
12 24
33 16
18 60
21 18
64 62
6 35
88 55
39 34
35 80
11 62
40 93
24 2
15 8
92 69
5 72
75 80
64 70
46 40
16 68
39 85
49 70
32 15
45 74
65 60
20 29
61 30
80 16
40 19
26 81
40 88
85 60
10 17
50 46
62 8
54 42
8 52
44 80
7 40
35 24
12 83
72 3
20 32
75 68
74 12
9 16
60 27
40 4
20 40
77 66
92 76
6 22
90 97
75 24
40 10
26 8
82 30
79 77
49 40
15 26
76 27
86 95
72 24
25 12
8 50
92 4
50 22
3 25
57 80
48 74
96 80
28 90
58 20
89 82
40 90
88 76
93 4
90 36
32 5
56 16
94 86
34 56
4 59
40 70
29 14
50 53
73 16
4 98
2 65
56 2
36 32
25 34
24 92
50 4
18 5
58 9
44 68
47 60
20 44
67 51
69 76
80 50
60 75
20 36
24 16
36 73
4 70
43 68
47 10
74 16
2 70
72 38
42 90
8 17
50 68
72 64
2 36
70 84
68 16
40 32
96 8
16 20
14 88
14 90
14 46
61 84
50 16
90 70
3 25
16 92
97 18
20 50
98 68
8 92
10 28
15 48
19 24
26 68
82 24
55 60
15 60
44 30
78 35
70 40
8 72
89 9
36 15
28 24
53 63
71 66
76 76
44 29
15 74
96 50
79 39
50 36
60 68
99 28
99 47
56 35
9 70
19 31
36 20
64 72
50 60
34 72
81 28
65 47
40 94
68 84
14 17
58 80
60 16
74 92
60 24
26 23
20 90
44 34
79 12
56 85
52 90
30 34
38 75
76 52
40 48
58 25
40 50
56 52
63 77
37 46
54 2
88 35
28 20
81 53
23 38
50 40
54 92
36 64
10 24
16 14
64 68
87 2
98 69
45 10
58 36
84 47
10 88
43 48
95 13
59 39
88 90
29 26
62 8
82 80
80 22
20 52
16 70
90 42
44 43
52 96
95 18
32 72
72 75
80 52
70 75
95 17
64 50
90 52
13 80
28 2
30 45
29 74
92 40
79 31
88 40
70 48
50 90
4 96
25 99
8 88
95 52
20 51
33 10
52 16
4 92
72 94
40 66
65 51
94 20
39 20
64 34
32 89
25 82
50 76
60 99
16 92
56 61
95 86
94 44
20 90
18 98
60 28
12 64
4 17
20 65
74 85
96 56
40 30
90 20
68 72
33 50
60 84
24 48
34 8
74 5
21 20
83 35
37 44
79 64
96 39
48 90
33 40
26 12
50 70
56 52
70 32
23 60
82 60
59 34
16 64
25 12
35 10
47 80
4 3
43 19
63 45
72 62
48 28
40 50
77 65
90 81
60 88
72 60
16 30
45 98
28 79
52 76
20 86
51 64
62 78
8 28
60 70
90 15
6 23
25 84
56 45
44 24
40 76
87 54
61 16
64 80
96 92
50 80
16 16
60 50
53 20
84 20
80 34
38 74
51 91
50 83
44 56
38 80
77 78
91 60
22 90
62 75
74 80
33 60
66 2
88 13
17 28
20 91
70 30
32 52
60 44
22 64
69 38
48 48
24 50
76 24
62 67
63 44
71 26
78 52
91 25
67 58
24 25
38 32
10 16
20 60
24 65
25 84
96 44
54 30
47 74
80 96
30 20
38 60
20 20
24 34
15 19
80 16
68 94
50 80
48 82
30 25
95 72
26 50
20 4
29 96
40 64
40 27
76 12
70 69
40 2
16 60
20 40
75 28
16 46
61 80
75 60
76 75
68 60
20 36
83 28
70 20
66 16
79 60
49 8
90 40
20 23
15 85
50 14
11 98
59 95
50 80
72 52
12 77
38 96
96 60
84 20
72 36
50 71
13 29
70 25
49 4
88 70
85 96
56 70
72 41
16 50
28 30
55 52
96 54
56 48
28 44
92 6
88 20
4 20
84 44
44 92
96 93
25 50
54 14
40 75
40 84
10 68
12 35
4 46
25 84
24 20
72 31
80 55
48 52
82 11
36 34
75 27
13 92
85 64
83 64
49 15
80 52
52 38
60 99
56 17
25 96
13 69
50 49
35 76
43 43
42 88
32 36
6 74
43 56
66 48
68 30
2 5
57 30
25 32
74 55
65 64
52 61
56 26
60 92
96 56
74 42
24 40
65 98
92 70
75 50
71 90
96 14
40 23
86 74
29 57
60 20
76 40
72 56
4 94
25 12
40 66
20 40
32 64
80 94
48 89
75 57
32 94
20 82
60 20
80 96
45 89
20 40
30 60
8 48
28 56
36 20
50 48
20 60
43 40
84 50
60 45
80 14
68 3
44 22
72 48
92 88
39 33
10 12
68 40
84 47
53 80
16 90
40 8
70 61
72 35
37 52
43 42
50 80
40 4
6 80
27 80
58 92
95 32
34 25
52 50
40 64
25 36
24 50
53 82
8 65
20 55
10 92
28 20
28 93
72 90
66 4
59 45
96 40
66 80
40 34
64 56
92 28
72 16
80 84
1 44
39 99
91 54
11 42
80 22
72 3
28 54
66 48
80 13
89 30
46 32
15 42
77 72
8 88
58 40
40 56
50 52
94 56
52 56
20 33
78 88
97 13
45 32
24 7
33 68
82 28
96 40
50 90
70 72
40 28
35 57
24 4
52 28
80 61
33 6
20 14
32 28
28 75
30 96
81 16
35 91
24 14
16 7
80 9
52 84
6 4
20 38
29 92
56 50
43 62
74 40
30 80
26 46
2 27
8 86
68 36
40 46
10 25
20 4
64 83
61 75
52 84
25 66
8 9
92 82
52 88
64 24
44 65
92 60
75 8
96 32
3 6
47 6
15 28
76 69
5 18
13 47
10 95
64 85
96 34
95 49
76 15
56 50
60 98
22 22
58 85
70 20
68 60
80 55
38 50
60 10
56 64
52 20
56 44
39 76
10 14
90 30
56 79
4 96
25 24
48 94
60 40
50 1
93 10
15 4
8 16
90 10
83 72
14 87
86 56
30 12
40 60
93 24
16 80
92 81
54 60
10 20
8 88
45 65
76 18
84 37
50 44
60 74
15 42
80 87
30 82
95 92
32 70
43 6
52 86
96 40
8 60
72 5
10 44
16 82
63 87
97 52
97 25
31 77
92 41
96 58
56 68
68 24
94 52
20 84
58 52
95 69
16 24
99 95
17 10
73 42
54 88
40 16
40 44
65 34
9 40
32 43
96 8
68 52
14 10
90 50
66 27
24 88
90 39
68 98
60 22
30 24
40 76
44 80
38 36
20 16
43 24
60 56
58 38
32 38
60 10
88 50
10 90
36 18
64 50
92 64
60 64
52 80
50 20
20 72
75 83
92 59
87 68
43 48
98 56
46 42
84 9
20 10
68 61
78 33
62 50
17 5
22 40
84 50
4 16
32 25
92 16
34 65
4 18
28 60
64 41
99 27
95 72
60 2
25 80
65 60
45 65
18 26
82 22
8 40
48 78
52 48
22 6
61 81
52 60
40 1
50 60
54 60
43 56
53 49
72 40
18 92
75 60
60 64
22 68
4 93
28 5
16 42
72 64
70 72
37 51
6 85
70 48
78 88
58 48
4 5
88 84
46 90
80 30
19 60
95 54
90 7
38 40
85 65
5 29
12 68
61 33
74 68
60 60
86 25
57 40
95 18
68 7
16 86
50 62
84 83
20 98
44 71
99 60
40 78
20 9
44 48
24 20
9 94
30 32
46 56
60 52
92 18
86 82
32 90
60 58
4 8
10 36
20 85
16 58
80 60
34 64
41 20
87 59
40 68
14 84
80 36
32 80
40 44
50 75
8 22
90 92
20 80
36 80
80 6
41 5
32 78
67 24
61 5
20 4
39 32
39 75
40 84
45 50
40 70
32 71
70 46
65 38
52 80
4 25
82 40
60 90
69 90
53 40
44 90
10 68
30 4
28 2
28 20
40 74
18 49
65 8
16 35
52 28
60 17
83 68
20 40
24 70
20 55
20 93
30 10
15 46
10 60
15 60
8 68
44 12
8 96
4 24
8 54
26 78
37 76
12 82
18 33
36 72
22 18
90 92
44 40
64 4
50 62
27 50
52 10
98 17
40 20
94 58
75 76
35 3
84 48
50 56
92 60
58 38
50 14
94 10
25 75
88 68
92 24
21 70
83 40
1 20
20 8
88 92
22 60
52 80
4 64
44 84
57 4
4 98
8 50
65 55
4 68
52 90
36 86
68 58
36 88
58 76
6 76
52 80
86 64
12 10
52 84
27 96
30 68
39 50
59 30
4 55
84 92
20 20
12 51
46 69
84 5
97 97
90 12
60 50
20 99
90 66
45 50
94 4
56 6
3 32
44 80
90 40
20 4
70 48
50 74
60 64
94 52
31 72
91 83
46 62
61 92
14 4
84 84
37 4
24 16
84 58
30 4
23 22
42 35
72 56
44 79
76 60
60 96
52 8
56 90
75 16
76 26
55 56
79 54
96 65
15 30
24 98
88 94
44 50
72 27
97 60
64 64
44 50
40 24
48 12
27 72
40 87
64 36
25 5
6 10
80 27
60 20
64 41
8 68
84 90
36 76
48 93
6 10
80 64
9 57
44 40
61 44
12 59
25 56
40 20
79 72
18 70
63 27
40 24
64 50
19 51
43 11
84 12
16 3
50 25
52 78
96 56
55 20
30 39
44 39
65 41
8 52
64 90
59 50
8 26
56 80
54 26
80 56
20 20
96 50
50 56
18 76
60 34
60 42
26 81
38 84
46 38
53 22
30 80
96 52
37 1
85 12
46 50
34 68
92 88
44 51
48 12
24 68
66 68
93 39
30 71
40 48
54 40
37 44
18 28
40 40
85 92
78 69
17 66
25 30
48 85
15 93
60 84
44 79
76 40
64 84
95 37
24 60
87 18
64 32
32 20
84 61
52 92
40 26
76 80
44 26
65 94
53 3
40 8
30 11
47 72
80 13
64 7
28 68
28 40
84 2
86 30
37 44
5 32
92 75
80 20
40 50
9 60
34 28
88 86
16 64
4 24
24 96
60 24
52 8
2 15
19 7
70 30
97 31
13 9
2 15
75 42
24 86
22 99
68 38
89 15
4 39
62 38
52 10
70 5
48 72
14 40
92 88
46 24
30 42
73 97
40 10
28 68
96 4
15 20
91 64
88 10
97 84
5 17
45 76
44 56
80 44
66 75
52 75
84 75
55 32
27 80
62 65
72 66
22 5
92 66
16 92
36 16
91 19
73 80
50 39
80 99
72 21
53 80
4 15
25 26
92 50
8 17
49 96
34 54
92 20
53 40
10 21
38 86
38 83
75 40
84 40
32 66
76 14
45 55
52 98
73 28
55 80
44 96
90 39
15 24
54 62
40 82
50 56
20 56
42 25
64 20
48 92
40 76
50 72
16 44
96 24
30 12
70 44
31 28
23 5
16 46
20 79
21 22
60 10
76 23
20 1
36 28
70 76
60 40
66 28
48 8
25 91
73 98
58 8
82 78
99 16
60 48
28 40
58 24
56 8
16 44
12 71
72 60
32 85
12 15
90 80
66 76
97 44
12 18
36 40
11 77
50 35
28 71
6 34
48 10
3 14
78 72
2 18
90 72
8 35
28 12
76 39
40 87
24 44
8 15
8 24
46 17
37 53
50 34
90 64
71 6
2 50
60 35
86 84
8 16
35 20
32 40
64 82
69 14
86 31
44 86
20 80
32 24
82 59
54 24
28 64
50 29
62 8
72 30
44 5
26 97
75 21
43 61
90 94
80 36
42 50
80 48
19 75
27 16
60 42
87 55
25 96
68 24
60 72
64 65
29 53
95 39
70 55
62 28
19 24
25 10
26 8
4 63
24 24
96 45
75 56
24 30
78 30
34 93
44 40
12 84
45 30
31 56
6 1
40 91
43 24
90 44
44 5
4 72
75 27
55 14
60 78
86 96
70 50
56 74
24 44
98 38
60 2
78 15
30 33
76 2
30 32
50 28
76 50
22 60
90 26
30 23
50 55
43 84
16 6
55 88
27 23
54 80
12 54
8 68
46 68
2 74
50 70
60 33
96 10
12 30
40 32
56 32
35 30
80 67
1 13
58 48
12 56
75 48
93 39
26 80
60 29
3 94
48 50
16 20
50 80
35 24
42 27
49 56
16 36
50 11
4 40
63 60
16 44
74 73
56 78
91 50
50 50
70 16
18 26
59 64
98 64
94 30
20 60
11 21
50 64
64 47
5 20
90 71
37 60
22 30
24 16
17 58
66 96
50 84
16 4
55 93
84 28
10 44
3 77
4 8
64 32
44 39
48 99
4 9
36 6
74 13
95 20
88 70
8 80
95 20
55 35
20 9
84 88
8 52
64 28
26 56
54 41
56 64
60 73
40 54
31 24
26 52
86 30
23 81
44 90
5 51
20 36
76 50
52 96
5 90
3 22
44 70
5 85
52 38
54 56
70 76
82 39
65 51
98 16
20 33
60 84
25 20
70 68
76 60
10 76
20 88
45 84
54 99
4 37
4 23
30 70
30 68
6 10
68 36
16 85
24 39
55 21
50 70
8 30
38 36
64 39
49 40
67 40
60 10
32 70
24 80
60 34
92 90
40 22
87 28
2 18
28 44
72 67
75 92
12 77
68 65
20 36
30 16
30 52
40 18
35 54
34 39
39 73
40 34
25 62
84 8
4 37
52 50
74 25
47 56
80 64
16 60
52 12
47 52
70 40
64 24
32 76
57 68
4 93
28 76
90 80
15 24
48 36
2 58
88 55
78 96
81 94
57 10
72 40
24 6
80 98
72 20
84 53
69 44
24 80
28 30
84 43
45 40
74 3
55 60
41 8
49 19
98 18
60 40
15 38
28 60
68 80
68 76
64 26
72 91
65 95
50 44
28 83
15 7
60 67
60 53
43 63
74 45
12 62
32 87
74 16
43 5
88 88
68 67
28 46
24 11
71 82
80 58
74 68
94 80
92 45
40 84
20 82
76 80
22 20
25 16
20 26
2 24
95 62
52 56
68 64
60 32
43 96
98 25
64 88
47 78
10 96
8 22
10 24
36 18
22 44
62 1
60 17
88 94
55 98
68 20
68 72
52 50
24 56
9 20
5 16
63 20
56 8
87 2
97 40
60 55
38 65
36 10
60 80
71 72
50 82
8 82
80 60
93 42
24 78
32 80
94 74
6 32
55 76
32 50
4 28
42 80
16 40
78 26
50 94
85 20
60 2
68 88
19 44
16 25
8 92
68 73
4 41
7 17
34 72
40 25
73 13
76 62
90 36
30 52
22 20
42 58
82 86
58 48
30 56
64 55
96 17
76 51
94 56
71 98
30 25
6 76
36 27
57 27
90 18
50 48
59 40
32 84
20 16
40 85
80 77
48 20
14 69
28 20
40 46
40 68
38 65
12 2
52 2
22 56
44 43
33 74
36 91
4 76
20 76
60 17
93 71
1 58
60 24
36 34
24 76
78 10
65 19
15 30
60 40
50 91
36 62
62 60
36 80
40 20
25 12
28 8
10 14
14 20
72 76
16 96
70 92
99 33
16 81
20 14
30 4
87 23
62 88
88 56
24 40
42 18
48 76
35 32
17 92
36 60
86 60
76 12
70 10
24 35
44 2
82 46
84 78
48 36
75 23
20 83
5 37
32 8
32 72
55 83
70 95
68 58
8 2
75 78
45 36
40 30
40 10
62 60
88 30
60 4
55 20
77 21
64 3
36 10
20 20
16 60
44 8
50 50
1 38
3 18
2 60
24 40
1 50
48 51
88 12
80 6
48 28
90 43
96 10
56 64
30 64
8 53
98 70
43 88
15 45
61 16
32 34
32 34
84 88
12 84
46 49
80 27
70 87
52 48
56 12
28 78
54 60
77 60
80 24
55 26
58 50
28 22
59 56
98 48
44 88
90 32
65 40
28 56
47 15
70 60
10 36
49 24
28 81
75 33
51 99
32 19
80 78
20 12
58 75
2 40
68 82
80 68
22 90
60 84
65 23
96 13
64 52
30 40
54 80
26 64
20 13
50 88
68 6
75 25
53 13
92 24
54 70
20 22
80 12
64 72
4 96
32 77
84 60
14 33
80 28
96 50
18 20
80 60
80 60
28 52
64 92
46 30
72 60
82 86
86 60
51 91
40 38
36 8
16 30
48 50
16 60
65 78
1 58
96 74
10 16
70 91
24 56
14 9
5 22
95 94
96 84
57 41
20 94
14 27
70 60
30 68
8 24
69 32
72 56
30 60
60 20
40 55
52 56
88 52
20 5
78 88
28 8
28 52
64 2
68 65
12 63
66 75
24 28
40 44
54 72
22 80
64 67
40 90
20 24
70 87
9 40
17 48
72 53
28 86
76 12
2 75
96 40
67 86
68 47
94 42
48 85
36 28
25 14
50 5
84 64
82 60
31 64
4 76
60 43
59 16
82 68
48 17
56 50
20 24
8 83
88 52
12 10
98 91
12 58
64 48
10 25
43 50
95 32
85 20
36 58
62 36
45 30
80 69
80 44
22 52
57 56
92 88
2 53
56 40
91 44
44 76
20 70
36 36
99 48
59 66
9 12
41 40
24 52
28 44
48 82
4 88
80 33
5 88
75 84
7 93
46 42
24 25
60 92
42 50
36 80
69 80
44 60
6 5
91 66
8 18
32 95
60 75
26 81
84 36
92 62
26 80
40 22
39 28
21 52
68 1
50 4
64 95
89 7
70 74
20 8
44 57
75 10
36 40
92 79
76 70
50 50
20 70
57 12
96 35
60 98
44 44
75 50
96 22
82 28
57 20
78 92
25 40
82 68
13 88
42 44
76 40
76 59
85 76
20 73
91 84
32 45
4 28
39 55
23 56
70 56
10 20
94 72
36 75
36 28
1 48
73 60
25 84
20 50
64 58
75 64
32 60
18 8
60 64
40 96
96 74
58 60
44 80
52 88
39 24
20 30
55 40
78 50
92 52
12 32
98 36
36 30
66 3
91 60
60 80
16 72
10 6
25 25
91 68
73 20
40 28
37 6
82 44
42 70
74 75
28 4
28 40
40 25
28 13
11 20
53 30
31 60
84 94
65 52
25 73
78 88
14 95
75 8
77 80
78 96
64 88
40 36
55 30
16 28
93 46
20 59
73 18
21 62
31 18
34 18
38 4
95 16
63 5
79 98
68 50
10 46
66 37
95 8
60 24
60 20
18 29
29 39
78 81
30 83
84 62
89 50
60 26
37 40
74 82
62 76
84 96
60 70
86 22
32 91
58 67
71 72
89 4
15 68
48 43
1 29
36 79
87 56
60 60
16 77
64 6
25 52
4 92
50 76
88 34
25 96
4 85
10 61
96 5
22 68
13 41
50 26
94 39
10 18
41 35
94 86
49 32
46 32
41 40
1 50
46 96
25 10
56 79
40 87
41 26
65 99
54 97
32 61
70 92
64 68
84 56
46 86
91 76
33 74
65 30
16 60
6 90
43 10
50 60
92 16
60 42
16 72
39 26
90 16
28 44
6 81
58 16
16 19
54 50
60 54
85 60
62 90
44 18
16 50
84 28
66 40
70 9
57 20
52 20
60 26
26 25
45 98
73 48
30 82
40 10
61 22
55 92
4 14
66 51
32 50
15 74
50 40
64 86
12 70
45 16
39 44
81 64
45 38
77 45
60 18
90 28
12 35
1 5
8 52
36 88
72 28
28 10
32 51
68 44
51 50
40 20
38 60
44 98
9 76
85 32
39 20
54 24
86 87
6 8
79 45
12 20
40 12
9 72
88 42
87 57
43 68
22 54
54 4
32 24
63 60
50 37
38 8
80 45
74 68
96 25
4 16
75 2
4 20
36 75
37 27
36 2
28 85
85 30
37 14
66 20
64 80
76 76
40 80
92 93
48 20
52 8
5 96
84 32
50 70
50 71
80 34
13 18
64 92
25 90
90 6
13 80
42 10
3 72
78 16
2 18
10 22
40 32
26 60
24 8
52 60
8 19
35 96
50 11
86 88
53 96
77 88
24 90
11 17
27 72
15 62
38 60
48 98
88 31
32 40
23 81
54 70
48 40
1 40
74 36
85 36
25 30
46 80
20 65
60 20
28 27
98 59
5 8
97 60
57 32
73 44
82 8
11 80
48 26
80 4
15 6
52 40
89 95
94 88
9 40
54 38
92 35
80 96
50 76
16 12
49 65
65 88
50 38
20 84
48 80
4 43
52 96
28 52
87 66
76 74
25 80
80 96
50 14
60 52
6 62
26 65
54 50
88 56
52 82
72 4
80 72
29 80
29 22
54 45
64 20
20 59
17 13
92 44
43 32
48 63
76 40
72 57
60 40
26 4
95 2
50 60
75 14
68 2
10 60
26 80
88 50
32 98
10 8
28 89
76 46
75 98
16 4
54 40
80 40
66 52
93 40
4 52
84 38
40 52
60 80
28 23
52 12
80 24
1 41
60 90
60 42
21 48
94 96
24 26
96 86
47 21
68 47
16 48
20 24
66 72
99 80
50 42
41 68
46 70
76 35
29 95
15 64
60 50
94 75
70 6
52 60
84 58
40 40
19 32
96 20
75 20
72 14
70 10
40 41
19 14
46 2
12 60
54 44
12 24
24 96
16 34
44 40
24 14
70 60
69 50
90 75
39 90
90 60
56 25
85 57
57 92
75 93
64 20
20 82
12 70
92 76
98 37
15 64
49 1
12 78
73 21
89 52
16 58
42 95
43 25
54 60
59 83
50 78
48 75
85 62
42 39
36 31
96 18
54 60
40 64
76 20
98 60
26 68
96 20
22 98
40 68
20 30
70 89
74 28
12 25
84 40
55 40
80 86
92 18
78 8
95 10
32 14
76 60
24 24
42 20
40 64
45 54
22 96
26 16
30 70
12 60
20 27
20 11
34 38
80 98
80 88
84 56
19 56
40 15
96 88
96 62
92 20
96 15
62 32
36 24
56 70
56 45
50 60
9 84
64 6
76 64
85 96
80 60
15 71
45 16
24 76
20 26
56 44
80 80
42 72
85 87
76 4
27 10
20 33
60 9
54 99
40 8
62 33
36 7
27 90
91 48
4 29
83 28
50 77
55 35
15 62
16 16
95 68
60 44
3 16
28 88
20 33
56 90
88 3
3 53
20 50
84 41
76 32
55 8
6 75
35 4
58 92
24 75
32 1
6 63
22 56
92 80
9 18
63 45
75 36
50 6
5 20
45 95
56 90
22 36
2 46
28 16
70 64
49 28
77 71
52 95
10 22
30 80
1 68
50 34
18 89
95 52
80 8
2 87
40 12
58 6
8 90
76 64
80 54
88 98
48 75
85 50
20 95
96 35
24 36
21 50
40 29
6 72
2 76
2 24
15 12
8 88
82 52
9 80
80 51
70 20
35 54
86 45
20 8
34 10
72 16
8 67
78 50
32 80
64 22
91 44
10 60
16 9
90 18
54 46
50 36
10 45
20 65
30 16
95 28
80 90
57 21
56 36
4 56
35 24
4 30
46 5
43 19
95 44
18 61
63 68
75 25
50 44
7 40
65 5
95 30
88 44
94 52
25 88
81 72
34 80
32 4
40 42
16 84
80 12
50 80
74 46
60 66
72 34
50 33
96 14
96 83
85 97
62 13
92 28
24 80
7 4
67 24
75 3
70 29
10 99
75 66
99 72
41 23
72 15
53 87
41 16
16 13
60 80
36 8
22 7
36 58
60 99
80 52
35 27
52 98
40 50
18 79
60 80
48 44
75 79
84 90
4 40
70 92
25 18
92 60
9 19
59 70
88 20
7 96
48 60
53 20
82 23
37 40
19 58
60 61
5 86
52 75
62 60
60 18
92 80
85 96
95 4
5 88
12 44
38 60
68 12
52 80
91 80
40 80
52 64
68 64
93 8
50 88
40 67
10 16
44 70
32 24
8 18
26 82
75 68
89 72
20 20
19 10
72 60
72 28
10 60
71 72
76 68
20 64
60 45
80 92
68 96
80 80
50 52
22 42
55 85
60 68
5 66
7 16
68 67
60 7
14 43
54 62
70 54
94 75
16 12
84 86
25 74
50 29
30 44
9 64
92 78
44 20
92 84
8 70
32 70
72 38
33 80
20 79
46 88
25 53
28 32
20 66
90 84
96 20
60 66
8 28
68 2
95 88
84 54
57 40
71 28
28 76
36 7
80 20
48 80
8 80
40 52
96 26
18 92
36 40
96 4
30 70
11 96
72 56
60 70
44 17
49 73
41 92
9 12
78 79
52 42
80 86
40 91
12 74
65 26
80 30
25 31
84 12
23 86
36 50
95 98
2 40
31 60
50 81
40 74
8 16
84 12
96 50
76 72
24 2
24 40
75 60
53 10
76 60
2 69
90 64
15 80
28 30
52 10
21 2
76 44
45 84
61 20
8 4
68 90
73 99
58 1
97 92
24 26
20 20
64 95
46 67
55 84
96 47
63 45
90 50
92 60
20 9
85 4
91 36
4 9
75 60
2 14
38 72
50 10
5 2
60 96
73 44
15 1
82 79
88 28
76 92
42 18
25 55
88 24
16 70
96 36
81 29
91 52
64 35
50 78
94 96
46 71
60 93
8 90
4 56
12 28
92 78
36 60
30 36
54 50
20 9
8 64
11 68
20 88
48 60
54 36
20 72
2 16
41 26
60 80
40 31
74 30
89 32
11 22
50 84
88 33
72 95
95 24
82 48
48 73
48 76
16 10
72 34
30 70
58 55
64 75
24 55
93 31
56 60
90 90
64 20
60 25
32 68
36 10
96 15
52 92
63 44
38 14
52 24
87 68
80 44
80 24
13 59
70 25
28 28
24 24
31 82
28 69
70 48
70 12
60 72
3 69
76 55
67 28
16 12
28 25
72 98
20 8
24 38
78 45
49 25
56 8
20 24
56 58
65 25
54 40
60 48
48 26
39 75
44 45
10 76
98 10
68 44
49 65
84 58
92 10
28 48
10 34
6 41
44 76
42 16
12 92
14 98
74 70
55 22
36 50
81 62
42 46
82 96
60 70
49 7
80 42
4 10
90 25
32 62
14 66
68 75
12 34
98 35
48 4
44 28
60 14
85 90
8 70
95 65
72 25
10 60
19 29
48 50
4 84
50 40
50 88
25 83
96 50
64 75
73 82
25 10
2 45
34 23
64 90
26 20
40 24
42 52
78 31
45 8
36 34
64 22
34 9
50 36
16 76
84 2
96 20
80 30
34 95
8 45
22 39
68 24
64 26
72 64
27 10
63 34
72 88
74 52
90 50
57 90
95 90
54 20
74 96
25 48
79 21
46 40
79 24
21 50
95 20
64 42
88 43
46 25
92 16
60 74
68 67
32 22
11 24
21 21
82 50
44 40
20 88
62 59
88 53
14 95
74 34
20 16
69 60
25 76
77 43
8 90
77 97
22 39
75 6
54 12
50 56
53 88
80 92
56 50
90 48
94 53
6 29
20 46
92 88
56 56
53 48
40 56
2 78
8 49
70 96
16 28
70 31
22 40
26 58
68 19
60 90
45 52
60 40
35 95
84 85
45 2
8 68
6 25
25 80
94 70
35 64
9 6
40 94
40 45
66 14
30 22
88 84
28 20
98 20
76 42
2 26
28 32
80 22
7 36
40 90
55 84
54 4
26 21
34 42
30 84
2 20
88 78
84 73
80 60
40 46
50 8
10 42
50 96
51 28
55 90
72 8
60 32
58 31
20 76
85 96
59 88
96 16
68 66
49 5
72 18
72 95
4 26
85 52
85 30
62 40
16 86
32 26
80 5
98 30
72 90
48 56
24 17
60 24
96 40
16 39
64 46
38 56
82 62
62 6
79 54
69 50
62 44
66 44
61 68
80 83
48 88
54 16
82 80
11 90
48 28
79 40
20 65
79 52
40 4
2 62
50 25
94 80
69 81
52 20
8 62
50 90
15 54
88 62
16 88
32 19
2 82
60 62
92 80
26 72
72 61
44 98
20 63
36 92
23 92
4 80
90 93
60 48
32 16
30 24
84 76
40 65
12 36
42 76
45 10
2 95
40 98
12 19
2 19
4 56
20 96
28 12
18 30
85 75
16 48
96 96
64 54
84 24
40 92
7 48
74 64
41 56
62 14
14 60
38 26
74 40
41 66
77 20
77 80
60 98
54 76
36 48
86 18
29 44
63 60
58 54
28 43
12 15
3 69
78 53
10 32
19 96
51 24
25 25
37 53
16 60
32 40
30 71
58 55
80 40
96 32
90 9
4 20
13 50
8 60
98 21
1 44
14 76
34 32
65 50
64 64
92 90
50 10
16 20
40 68
89 60
12 9
17 66
2 4
37 56
3 16
26 72
38 25
76 40
28 50
65 66
55 72
9 4
40 13
40 28
28 51
33 1
60 64
56 27
5 85
70 69
2 65
42 44
12 52
18 41
38 81
64 85
64 82
14 38
45 65
16 72
96 20
36 40
50 8
28 16
80 91
80 60
98 35
40 90
44 83
95 27
4 52
64 48
90 30
75 8
41 38
98 3
16 8
68 25
44 40
40 57
88 64
84 80
5 96
33 48
36 75
24 13
70 56
76 52
62 3
75 50
63 40
44 58
19 39
60 10
95 50
62 57
50 80
85 72
80 15
55 53
36 59
38 42
5 16
20 56
54 60
3 30
14 66
20 75
52 29
92 75
70 22
19 40
55 90
59 29
8 40
84 96
82 98
8 24
60 61
90 67
55 72
4 16
8 52
82 32
80 84
68 20
32 20
52 39
52 6
8 67
44 68
54 50
34 52
58 33
4 68
28 20
36 68
18 56
50 29
66 35
60 24
12 50
88 50
75 36
80 36
48 77
40 76
52 60
18 12
99 38
29 60
60 92
8 20
24 63
60 49
16 90
85 20
68 48
52 28
5 68
36 36
22 80
15 80
95 28
25 90
96 34
40 90
28 10
94 90
92 76
41 8
85 15
16 28
96 94
85 67
10 27
12 57
80 65
77 19
26 86
44 35
33 26
68 98
16 36
69 50
24 60
20 11
60 36
39 36
26 40
64 16
59 14
80 80
90 66
30 30
85 69
96 96
84 13
79 5
64 89
15 30
44 84
40 7
50 73
92 26
24 37
16 95
83 35
64 90
25 44
72 37
1 81
76 17
48 29
50 28
38 10
2 80
5 65
50 63
40 53
38 12
1 53
65 16
36 64
26 80
99 28
40 17
8 74
12 62
32 20
92 38
76 59
5 48
32 84
78 76
88 12
46 70
70 4
97 54
82 76
32 60
52 80
60 24
8 50
80 58
41 50
93 96
70 20
76 86
80 56
97 98
34 47
80 65
30 50
23 75
60 68
76 73
32 70
50 25
36 16
90 80
2 16
54 31
40 64
68 72
88 8
25 99
74 50
65 28
56 54
42 20
52 80
80 30
52 54
73 89
76 65
68 36
84 48
4 18
68 56
38 8
16 72
13 8
24 89
87 36
8 33
46 90
97 84
45 91
22 92
78 45
22 29
93 40
76 50
14 72
88 96
84 60
12 46
18 26
72 84
28 20
21 58
40 88
57 68
9 34
94 83
96 3
82 50
84 37
72 85
60 28
64 50
32 4
68 47
19 88
30 80
27 23
21 9
80 30
68 80
68 12
75 84
60 30
42 30
22 52
60 54
24 26
48 56
45 20
9 33
81 96
15 92
54 67
56 46
85 75
79 90
4 54
98 57
12 94
44 50
49 60
60 38
17 85
8 4
38 10
48 78
92 18
82 8
44 70
80 40
80 43
64 14
38 5
24 60
23 73
40 3
32 40
5 80
90 70
20 89
88 50
40 88
14 28
12 8
69 36
50 70
5 36
37 49
23 73
40 28
60 9
35 20
60 43
92 50
30 12
68 4
92 50
45 85
28 94
85 7
72 32
90 24
71 63
60 50
95 89
10 8
21 50
30 42
68 72
68 60
2 70
24 8
74 95
24 10
39 72
74 32
32 84
70 10
70 20
68 41
97 40
94 25
26 28
10 70
75 65
31 53
69 74
83 40
38 12
10 28
90 60
5 28
36 8
7 7
85 64
66 40
20 4
77 64
14 32
58 21
70 25
30 78
75 28
62 28
74 40
78 65
55 68
30 60
60 86
68 24
56 65
46 20
40 67
75 92
21 16
92 30
16 15
97 80
49 92
81 78
46 38
61 58
80 40
8 84
70 26
64 22
20 64
10 20
51 38
20 4
95 20
56 86
71 54
28 52
46 30
36 93
10 20
76 48
1 32
88 80
75 28
13 59
50 24
92 40
40 36
96 20
22 40
31 26
51 5
40 60
18 84
48 16
71 90
10 70
40 6
50 71
36 60
66 6
60 89
70 52
84 8
89 90
12 80
38 80
7 30
98 52
20 31
54 58
51 14
35 70
37 22
78 56
93 64
80 2
74 28
85 32
8 84
18 19
24 4
5 24
90 90
5 52
18 86
25 34
17 80
3 39
95 92
77 22
50 61
93 24
60 76
19 80
3 77
98 75
77 40
35 20
48 6
20 38
48 11
30 30
34 61
60 84
76 34
40 80
48 50
88 92
74 4
12 68
56 4
84 68
36 60
97 56
31 96
25 84
64 70
92 22
75 96
51 90
41 64
64 90
35 23
32 20
35 60
66 50
44 4
6 56
11 46
24 17
20 59
95 80
72 66
96 60
16 6
50 24
40 60
70 27
4 16
42 48
50 6
60 84
94 12
20 35
40 85
82 92
74 63
64 8
54 55
80 30
39 24
42 77
59 40
40 96
20 82
11 75
60 98
60 10
65 34
21 24
11 24
66 89
50 14
15 61
52 60
20 20
5 10
2 23
20 8
10 52
20 48
91 14
52 40
90 44
76 45
7 65
56 68
25 74
4 88
73 6
66 2
95 4
85 28
60 88
40 8
24 66
98 4
86 20
20 10
28 80
70 42
70 98
34 50
12 40
20 44
28 70
22 52
80 66
86 86
16 38
90 42
94 27
10 55
38 10
60 49
40 38
12 73
70 50
86 76
79 91
37 48
8 61
28 76
76 78
17 46
15 60
6 88
16 28
12 40
9 54
72 59
40 80
23 20
96 49
6 92
45 68
86 45
36 7
26 43
60 70
20 55
44 20
20 50
52 17
28 48
80 38
90 80
25 35
28 92
1 52
92 10
80 79
39 38
8 46
20 27
46 80
20 33
16 35
60 64
87 51
28 2
60 84
57 60
51 40
20 50
26 92
48 5
82 80
50 74
87 20
16 14
75 80
30 44
64 28
11 71
7 80
69 43
42 98
53 6
96 40
4 8
20 7
51 46
86 80
75 33
75 44
18 52
92 13
56 48
32 76
50 60
10 7
22 24
92 82
40 68
59 32
50 34
5 50
6 18
50 17
43 80
52 76
33 66
40 12
10 86
95 47
30 40
50 11
9 66
6 90
4 65
44 67
40 78
76 81
6 82
84 52
43 23
96 80
50 52
74 72
72 70
80 52
88 7
81 20
6 33
60 44
10 80
15 84
72 16
71 40
48 64
24 43
2 60
88 65
96 98
64 95
76 77
78 15
95 60
64 58
64 80
60 13
5 32
39 48
34 62
45 44
44 26
38 48
20 88
60 66
3 89
95 56
35 36
31 95
80 62
60 60
60 36
74 65
95 67
70 76
60 53
62 85
40 30
68 7
78 75
64 58
50 55
45 64
68 93
96 72
20 4
24 92
6 40
35 20
44 59
32 82
50 49
35 46
98 91
40 96
96 30
44 20
48 97
43 22
10 5
24 76
24 8
55 61
75 94
70 31
68 35
95 52
80 50
10 89
86 4
20 7
40 22
88 40
20 55
60 20
7 78
80 68
93 76
60 69
60 27
92 40
56 60
6 84
3 20
66 86
9 58
77 49
32 65
90 84
12 88
32 14
85 46
76 92
67 68
25 75
75 46
40 27
4 12
16 93
2 8
28 28
12 59
98 25
24 4
53 65
86 26
24 75
22 64
80 26
37 16
34 65
65 32
20 88
39 94
83 65
28 88
60 61
45 60
66 60
20 80
89 50
68 60
4 96
60 70
2 11
25 40
52 30
68 92
74 64
56 24
55 2
20 72
41 72
75 64
24 93
60 20
30 44
28 8
89 16
23 20
71 36
56 89
66 90
75 20
95 95
38 60
58 34
30 38
41 31
46 4
15 79
76 59
96 64
12 10
30 26
99 95
52 45
80 38
50 46
10 56
75 20
48 17
20 14
10 91
28 12
80 65
52 64
40 10
6 92
46 60
10 25
64 89
92 15
80 12
64 88
53 35
4 25
24 51
21 88
20 92
46 8
18 88
22 64
53 80
4 80
8 45
96 15
96 55
62 74
64 99
90 10
72 76
20 44
28 48
40 63
84 25
23 88
86 26
45 17
5 40
70 70
92 36
16 11
56 4
26 56
22 52
50 90
80 85
48 64
20 88
54 94
74 13
16 72
16 20
16 20
20 32
45 52
16 25
80 64
16 96
14 40
14 14
15 96
13 20
48 62
50 52
30 70
76 65
84 49
40 45
6 38
50 90
46 87
7 44
31 50
60 60
60 70
9 53
60 58
81 72
15 76
48 6
49 7
32 84
96 96
40 5
54 93
70 22
42 90
16 45
90 40
90 2
56 90
68 50
11 65
80 50
53 27
20 93
84 98
29 19
8 15
78 59
65 20
77 4
76 20
4 80
67 78
43 35
40 48
25 52
25 88
39 40
38 12
96 58
56 48
71 75
69 83
25 60
60 80
33 60
12 28
30 32
94 88
84 80
69 53
92 16
53 88
40 16
38 86
19 52
95 24
37 23
82 43
97 81
90 86
75 32
16 52
73 44
28 56
56 80
25 71
76 26
5 4
36 96
40 90
88 42
92 44
96 57
56 94
88 34
7 85
50 40
10 79
92 55
10 12
49 39
70 96
32 85
95 40
52 53
70 2
60 50
23 68
7 15
32 60
60 40
80 78
85 44
90 13
15 64
60 72
60 58
50 56
82 44
43 64
60 72
66 18
5 95
66 67
70 91
48 96
60 70
96 88
96 45
48 54
52 44
64 79
66 78
80 12
32 16
80 35
50 6
42 73
65 4
91 2
41 49
84 96
93 10
80 83
33 80
28 85
30 64
24 4
1 79
20 33
95 23
30 84
10 86
99 20
44 75
50 84
20 71
28 20
68 75
50 32
67 61
50 36
32 70
40 30
18 36
72 80
92 30
72 36
75 20
40 18
40 4
68 64
43 9
31 40
25 78
44 52
21 50
80 46
20 44
44 18
7 31
24 66
93 56
60 10
40 64
60 26
8 82
46 46
66 21
36 75
20 8
10 96
20 8
52 64
44 80
20 17
20 60
52 25
25 10
53 74
56 86
82 51
97 99
24 74
52 31
84 53
5 61
10 75
3 36
90 97
56 96
12 50
68 8
10 8
46 17
4 24
70 16
94 52
32 40
32 92
68 34
34 50
30 90
13 16
65 72
65 92
60 20
10 14
5 84
39 49
46 52
12 10
89 73
96 23
20 50
54 80
40 29
73 2
89 70
14 29
76 36
82 73
4 16
32 18
10 56
14 21
40 20
90 64
60 80
82 70
32 74
4 25
23 56
73 78
34 81
31 17
42 73
84 10
12 19
45 40
72 12
62 40
6 96
50 75
92 90
55 14
51 66
45 48
84 6
35 62
88 55
50 96
78 20
24 62
56 76
40 85
52 24
33 36
6 48
75 96
45 95
95 96
72 7
49 8
88 70
58 36
75 69
41 95
15 68
36 55
76 41
30 86
58 10
60 40
92 20
68 76
90 70
66 72
19 52
10 5
40 88
72 54
64 12
80 85
13 5
32 22
94 56
55 24
68 8
10 87
60 62
97 46
25 68
50 49
92 40
64 44
45 40
20 55
66 10
60 60
63 50
80 39
53 76
12 44
62 91
41 12
8 70
98 78
16 66
87 62
62 28
84 60
39 95
48 34
52 8
65 96
72 36
94 35
52 86
50 57
66 40
20 62
72 67
67 35
56 72
52 40
61 18
23 37
25 77
3 16
95 68
80 41
90 76
20 44
64 61
22 70
80 32
20 24
25 8
76 8
80 75
36 49
77 29
80 85
30 4
69 48
4 66
39 64
41 55
6 8
48 36
42 16
80 38
36 83
8 92
30 50
53 39
69 67
36 36
12 10
98 95
2 84
60 32
84 94
75 88
80 36
15 52
64 92
25 5
27 45
40 64
38 98
68 70
41 84
90 38
15 70
28 16
10 70
82 60
70 85
60 60
42 68
36 67
3 20
84 16
91 25
85 80
54 72
98 88
24 58
96 81
31 3
65 27
34 22
10 88
66 91
48 92
28 76
74 39
5 8
35 94
60 25
60 20
39 25
32 74
90 85
30 19
28 80
24 76
88 12
60 61
20 98
75 10
50 96
80 44
92 10
80 83
42 88
38 38
26 65
97 28
98 27
6 84
38 52
38 40
24 40
15 60
22 48
55 68
56 90
67 68
88 32
6 93
46 58
60 20
74 62
25 96
6 28
60 15
15 20
83 10
50 38
28 64
40 17
48 48
85 90
92 74
20 64
6 64
12 69
80 5
4 65
48 35
52 98
83 48
48 17
53 80
88 45
47 51
32 43
76 18
90 68
50 45
14 92
40 40
60 20
80 52
14 96
16 90
69 16
92 48
58 32
44 40
49 58
60 24
76 56
49 68
22 74
31 31
36 24
86 72
98 21
10 12
64 2
4 8
64 36
4 24
56 12
65 5
56 85
56 86
19 24
2 75
74 44
85 25
68 21
50 78
70 65
99 88
14 67
90 64
87 20
74 94
73 80
48 50
15 40
16 96
30 68
72 10
60 76
95 15
72 32
96 81
98 80
9 78
17 95
20 60
72 49
91 50
58 96
77 28
80 32
16 48
52 94
80 94
54 48
68 45
60 50
64 39
85 88
40 42
98 32
10 60
75 90
84 92
30 16
80 76
28 26
80 8
40 60
39 94
79 82
66 45
5 54
26 54
20 48
69 48
84 44
40 84
1 5
17 52
15 24
52 60
2 60
72 92
20 39
4 32
24 85
72 98
45 42
12 52
84 96
18 25
18 16
90 84
5 85
25 64
67 96
47 88
95 70
9 45
53 85
50 94
2 26
34 28
40 92
22 46
5 40
52 42
64 37
72 34
16 53
68 75
60 48
40 16
16 75
12 90
42 22
39 72
18 18
24 34
50 55
82 24
34 12
32 71
48 84
20 72
28 44
29 42
78 1
20 76
68 50
22 20
4 75
20 20
35 64
78 63
2 68
77 15
84 54
19 40
46 76
30 60
56 80
98 4
76 80
20 60
50 45
25 31
6 63
72 72
42 18
45 44
96 59
44 24
60 44
12 9
86 56
95 45
68 60
47 32
47 88
24 91
12 77
79 1
10 50
35 12
80 84
60 20
28 35
34 99
35 70
83 95
25 52
8 14
28 22
36 80
87 97
75 37
70 27
72 64
31 38
25 68
12 13
20 24
37 90
76 51
80 61
58 32
12 32
22 85
21 30
10 20
25 58
30 24
44 86
12 21
60 1
12 37
15 66
88 18
30 34
30 74
97 6
40 30
30 28
56 96
2 51
84 74
86 87
10 17
50 40
39 77
37 52
40 88
29 60
60 8
64 80
2 26
82 46
51 10
95 92
66 22
2 80
25 90
24 73
39 48
52 72
16 92
76 28
1 78
80 71
70 60
4 12
22 24
3 76
50 92
52 38
40 79
52 44
50 80
3 35
34 52
96 63
78 50
24 60
90 10
17 49
64 80
74 9
36 58
59 82
90 2
96 40
10 25
52 8
54 12
20 92
36 66
39 64
71 92
40 90
68 15
40 86
8 9
72 30
60 38
76 38
50 57
64 47
24 58
70 8
42 80
4 38
27 36
55 68
68 80
36 44
21 13
70 25
20 92
20 44
32 80
76 43
29 8
72 43
41 84
45 95
52 76
48 85
72 80
58 52
60 94
16 39
20 88
48 12
82 20
8 92
42 74
84 66
64 96
90 40
26 70
74 94
90 30
35 92
54 81
87 41
48 90
49 80
20 92
47 12
68 96
80 58
88 33
83 2
66 8
5 29
25 59
24 30
41 54
30 90
40 64
28 96
37 37
80 90
44 4
40 50
64 32
40 85
31 55
70 12
20 8
26 24
44 52
86 27
40 50
24 80
25 16
13 72
40 92
58 52
68 40
85 94
53 51
6 77
46 21
43 68
68 30
20 9
51 10
88 72
4 50
99 42
17 84
20 42
85 20
60 88
64 55
98 25
1 72
61 4
90 84
58 20
37 62
26 21
28 38
73 10
72 68
67 28
79 8
4 2
82 40
42 66
96 31
55 28
61 40
92 82
22 11
20 20
28 25
87 92
96 64
76 7
40 80
75 30
48 30
62 6
26 72
85 20
40 34
42 36
20 4
50 33
23 60
45 50
12 69
60 78
64 63
64 31
34 63
90 20
60 40
68 26
67 44
8 72
65 74
25 50
50 20
2 40
20 32
96 90
90 12
85 84
48 40
32 24
65 62
50 51
43 39
15 40
79 10
34 95
16 94
28 24
25 28
48 24
10 71
71 30
4 5
15 84
64 5
24 44
40 94
22 50
12 52
64 20
76 54
68 72
29 15
60 80
61 24
2 34
73 82
32 56
64 58
83 10
21 8
68 34
68 27
70 30
50 92
90 23
56 52
75 12
60 89
4 23
88 24
69 7
18 84
24 45
86 50
48 61
99 24
60 90
96 60
40 24
24 50
32 92
3 8
76 16
16 88
35 65
36 10
45 40
65 83
88 40
58 32
84 66
36 25
8 14
64 42
77 60
40 96
35 72
44 2
70 76
92 40
64 72
74 4
18 72
20 84
41 80
4 9
88 88
40 44
40 40
45 28
94 20
86 92
66 75
11 52
12 40
55 25
50 90
29 62
83 78
28 63
95 26
80 64
8 76
52 80
52 91
36 44
53 48
94 84
62 30
17 64
35 88
4 34
20 15
30 8
96 20
16 4
40 89
68 74
48 86
44 73
16 60
80 1
85 24
4 44
40 70
48 98
29 32
92 56
70 62
26 64
16 74
23 82
72 61
90 20
10 38
95 34
96 34
98 88
20 20
70 27
48 30
5 60
48 10
74 74
91 96
24 50
70 30
10 83
50 96
88 88
65 76
84 82
50 88
17 39
76 90
88 94
84 26
10 79
88 60
90 98
60 20
40 30
92 28
82 96
84 80
22 31
90 90
56 56
17 1
26 30
40 33
84 50
84 62
80 51
15 60
40 80
35 24
70 4
13 37
96 30
4 14
10 20
90 30
58 62
12 66
26 4
60 60
3 91
24 14
48 96
73 26
60 80
50 8
85 64
60 40
36 81
4 39
92 80
78 15
64 28
90 50
75 75
68 25
63 64
96 76
81 68
28 56
16 78
92 40
18 71
85 38
60 52
9 26
3 12
20 32
42 6
96 12
72 6
13 12
36 25
80 83
96 76
90 64
88 56
60 16
64 38
61 34
40 85
72 40
69 80
65 9
65 50
9 77
15 38
86 60
63 71
40 60
70 95
2 64
4 59
20 62
80 78
48 98
36 34
2 99
52 20
86 10
52 72
54 70
81 84
59 55
45 10
20 4
54 64
28 14
98 4
60 88
92 57
40 80
32 58
85 52
86 68
98 49
19 39
64 82
48 92
92 70
47 60
28 40
16 64
20 34
86 15
16 54
15 64
43 75
90 60
99 40
15 49
24 50
96 95
24 95
14 90
58 28
80 46
70 49
44 64
60 78
93 30
80 54
85 95
82 64
2 42
12 76
14 20
26 28
98 80
60 75
98 28
40 19
48 50
86 75
42 44
42 12
80 98
80 89
16 95
12 8
80 42
46 63
55 2
31 50
66 97
40 72
80 45
14 76
60 94
50 2
88 45
60 20
85 84
56 19
84 60
40 54
66 89
58 70
81 16
97 16
60 59
60 60
30 25
30 90
76 40
32 15
30 17
77 54
30 9
23 11
88 88
75 4
16 70
21 72
10 40
66 40
50 38
80 25
20 76
90 92
96 6
4 82
12 84
62 82
48 25
86 70
64 27
14 10
27 37
55 4
74 84
20 71
18 88
50 54
81 44
48 76
72 89
2 40
40 10
54 14
34 90
60 4
12 75
22 80
64 30
31 30
29 76
80 51
91 26
50 11
95 30
63 30
8 28
64 7
48 2
61 40
76 16
58 79
92 81
80 46
32 64
74 80
28 70
60 75
76 47
4 20
30 80
51 92
24 84
24 92
32 6
83 13
75 36
84 23
96 64
48 28
14 96
5 60
50 40
80 29
84 72
20 63
42 40
2 89
82 32
6 30
90 26
34 12
19 36
60 84
34 90
60 92
5 40
12 96
36 88
60 90
25 26
16 78
76 75
46 60
4 84
84 2
86 2
15 66
65 44
8 30
29 30
52 22
25 40
66 16
20 58
48 45
66 42
84 94
20 36
60 88
16 63
46 11
66 60
82 40
89 20
58 81
4 46
75 8
96 25
42 61
14 50
72 8
80 92
50 66
6 96
44 44
40 10
68 55
21 65
72 17
52 18
60 51
88 89
64 48
36 96
91 40
68 78
28 3
94 21
67 13
52 90
54 25
69 75
30 38
47 23
60 46
18 30
8 83
84 20
94 20
40 58
99 52
46 98
90 60
79 67
3 27
64 80
10 50
30 10
24 58
60 44
40 63
20 61
10 36
16 80
44 9
68 80
60 40
86 96
24 75
90 40
5 52
10 40
20 10
10 76
50 15
20 38
38 94
50 10
80 50
33 51
84 36
48 34
80 40
72 96
30 4
6 72
96 50
89 44
35 58
65 35
40 48
24 49
98 44
60 30
60 11
28 12
32 50
97 8
72 76
25 3
36 86
10 38
56 13
8 24
28 56
64 72
32 32
60 56
1 13
30 32
84 96
80 16
16 82
9 88
75 40
20 20
28 2
52 89
41 98
15 72
44 48
64 9
16 68
20 68
23 88
50 40
40 20
70 96
36 56
13 32
28 72
48 16
50 48
32 97
65 12
6 95
83 56
40 49
39 12
94 90
96 20
56 48
36 68
40 58
6 25
75 32
92 60
12 72
24 67
92 66
36 49
60 55
8 83
94 92
40 94
5 96
64 60
60 72
4 88
96 63
49 1
50 96
92 48
4 34
66 6
71 74
96 13
99 34
44 15
50 55
72 20
90 30
87 92
46 12
25 41
74 68
64 16
46 80
32 69
24 64
84 56
64 76
85 65
93 16
24 80
46 4
44 75
92 80
23 8
80 65
20 26
50 82
12 34
44 48
88 83
72 20
20 9
52 64
76 50
39 26
5 21
50 25
69 2
90 29
34 10
86 30
7 41
86 52
91 68
24 48
51 84
80 3
46 60
85 76
34 82
36 80
10 16
25 46
35 94
80 96
80 95
92 94
11 89
10 2
20 66
30 94
99 20
36 52
6 46
96 50
5 78
24 41
93 32
3 64
70 15
68 21
37 52
80 76
8 38
96 61
92 68
72 56
